  # snr = 15dB, data = 127 bytes, deltaF1 = -15K, deltaF2 = 10~20k
   1.0000000e+01   5.6000000e-01   1.3317040e+04
   1.0621053e+03   4.3000000e-01   1.3534550e+04
   2.1142105e+03   3.6000000e-01   1.3635635e+04
   3.1663158e+03   3.5000000e-01   1.3344505e+04
   4.2184211e+03   2.6000000e-01   1.3618070e+04
   5.2705263e+03   2.4000000e-01   1.3615180e+04
   6.3226316e+03   1.4000000e-01   1.3614315e+04
   7.3747368e+03   2.0000000e-01   1.3427320e+04
   8.4268421e+03   1.0000000e-01   1.3545400e+04
   9.4789474e+03   5.0000000e-02   1.3631790e+04
   1.0531053e+04   3.0000000e-02   1.3617320e+04
   1.1583158e+04   4.0000000e-02   1.3607195e+04
   1.2635263e+04   5.0000000e-02   1.3624135e+04
   1.3687368e+04   5.0000000e-02   1.3633850e+04
   1.4739474e+04   4.0000000e-02   1.3628125e+04
   1.5791579e+04   1.0000000e-02   1.3645470e+04
   1.6843684e+04   3.0000000e-02   1.3620650e+04
   1.7895789e+04   1.0000000e-02   1.3632875e+04
   1.8947895e+04   1.0000000e-02   1.3634615e+04
   2.0000000e+04   1.0000000e-02   1.3610855e+04
