  # snr = 100dB, data = 127 bytes, deltaF1 = 0, deltaF2 = 10~20k
   1.0000000e+01   0.0000000e+00   5.0361400e+03
   1.0621053e+03   8.9000000e-01   1.4136825e+04
   2.1142105e+03   8.3000000e-01   1.3688100e+04
   3.1663158e+03   9.4000000e-01   1.3129080e+04
   4.2184211e+03   8.1000000e-01   1.3705340e+04
   5.2705263e+03   8.0000000e-01   1.3736945e+04
   6.3226316e+03   8.2000000e-01   1.3720545e+04
   7.3747368e+03   6.9000000e-01   1.2658005e+04
   8.4268421e+03   7.2000000e-01   1.3409645e+04
   9.4789474e+03   6.5000000e-01   1.3609285e+04
   1.0531053e+04   3.7000000e-01   1.3720555e+04
   1.1583158e+04   3.0000000e-01   1.3662520e+04
   1.2635263e+04   1.6000000e-01   1.3673855e+04
   1.3687368e+04   1.4000000e-01   1.3510775e+04
   1.4739474e+04   1.1000000e-01   1.3645955e+04
   1.5791579e+04   7.0000000e-02   1.3701325e+04
   1.6843684e+04   2.0000000e-02   1.3689620e+04
   1.7895789e+04   1.0000000e-02   1.3699085e+04
   1.8947895e+04   2.0000000e-02   1.3687670e+04
   2.0000000e+04   0.0000000e+00   1.3681205e+04
