   7.0000000e+00   3.0000000e-02   1.5912350e+03
   1.9000000e+01   1.1000000e-01   2.7768200e+03
   3.1000000e+01   9.0000000e-02   3.9714150e+03
   4.3000000e+01   1.1000000e-01   5.2426850e+03
   5.5000000e+01   1.6000000e-01   6.5114750e+03
   6.7000000e+01   2.0000000e-01   7.7362550e+03
   7.9000000e+01   2.5000000e-01   8.8912450e+03
   9.1000000e+01   2.2000000e-01   1.0149430e+04
   1.0300000e+02   3.3000000e-01   1.1426700e+04
   1.1500000e+02   3.5000000e-01   1.2635770e+04
   1.2700000e+02   3.5000000e-01   1.3812760e+04
