#		SNR				127 bytes		64 bytes (need to x 1e4)
	1.0000000e+01   2.7186359e+04	 3.667899807791920
   	1.1000000e+01   2.2402960e+04    3.266803636584238
   	1.2000000e+01   1.6918638e+04    2.901538385064033
   	1.3000000e+01   1.2379212e+04    2.421768362168438
   	1.4000000e+01   8.7851409e+03    2.035476111380333
   	1.5000000e+01   6.4335915e+03    1.643004564814109
   	1.6000000e+01   4.4881288e+03    1.187749131761417
   	1.7000000e+01   4.2648681e+03    0.876801573903697
   	1.8000000e+01   3.2315786e+03    0.612637739614529
   	1.9000000e+01   3.2688683e+03    0.461793243779075
   	2.0000000e+01   3.4813934e+03    0.356197978657937
   	2.1000000e+01   3.5415392e+03    0.344309453834773
   	2.2000000e+01   2.9153216e+03    0.325138432056255
   	2.3000000e+01   3.0762477e+03    0.308622747055365
   	2.4000000e+01   2.7899104e+03    0.308914227577818
   	2.5000000e+01   2.7385215e+03    0.289653240962362
   	2.6000000e+01   2.6034592e+03    0.293107488815963
   	2.7000000e+01   2.9507118e+03    0.291048105989371
   	2.8000000e+01   2.6819023e+03    0.249909983794165
   	2.9000000e+01   2.4517749e+03    0.243735512389968
   	3.0000000e+01   2.4755201e+03    0.244583319136854
   	3.1000000e+01   2.1548782e+03    0.202081666659794
   	3.2000000e+01   2.3060572e+03    0.197144616969371
   	3.3000000e+01   1.9498718e+03    0.197661326515836
   	3.4000000e+01   1.9444022e+03    0.188390551780072
   	3.5000000e+01   1.6373454e+03    0.152924818129694
   	3.6000000e+01   1.4743134e+03    0.150472588865879
   	3.7000000e+01   1.6910648e+03    0.135580234547666
   	3.8000000e+01   1.2685819e+03    0.164210231106347
   	3.9000000e+01   1.3337166e+03    0.125431256072799
   	4.0000000e+01   1.3693429e+03    0.124591331961738
   	4.1000000e+01   1.2190160e+03    0.118697093477473
   	4.2000000e+01   1.0302912e+03    0.130529690109185
   	4.3000000e+01   1.1611632e+03    0.111503363177978
   	4.4000000e+01   9.6876210e+02    0.095220796047922
   	4.5000000e+01   9.4620294e+02    0.086087165129304
   	4.6000000e+01   8.5702975e+02    0.093343451832467
   	4.7000000e+01   8.6122006e+02    0.087469994855379
   	4.8000000e+01   7.9397733e+02    0.080783661714483
   	4.9000000e+01   7.2711760e+02    0.080876448982383
   	5.0000000e+01   6.8745909e+02    0.081670067956382
   	
   	
	
	
	
	
	
	
	
	
	
	
	
	
	
	
	
	
	
	
	
	
	
	
	
	
	
	
	
	
	
	
	
	
	
	
	
	
	
	
	
	
