 1.00000000e+01 1.49580234e-01
 3.00100100e+01 1.63285658e-01
 5.00200200e+01 1.79788894e-01
 7.00300300e+01 2.00044040e-01
 9.00400400e+01 2.25494649e-01
 1.10050050e+02 2.58433764e-01
 1.30060060e+02 3.02736592e-01
 1.50070070e+02 3.65509534e-01
 1.70080080e+02 4.61344834e-01
 1.90090090e+02 6.25701339e-01
 2.10100100e+02 9.72956111e-01
 2.30110110e+02 1.00000000e+00
 2.50120120e+02 1.00000000e+00
 2.70130130e+02 1.00000000e+00
 2.90140140e+02 1.00000000e+00
 3.10150150e+02 1.00000000e+00
 3.30160160e+02 1.00000000e+00
 3.50170170e+02 1.00000000e+00
 3.70180180e+02 1.00000000e+00
 3.90190190e+02 1.00000000e+00
 4.10200200e+02 1.00000000e+00
 4.30210210e+02 1.00000000e+00
 4.50220220e+02 1.00000000e+00
 4.70230230e+02 1.00000000e+00
 4.90240240e+02 1.00000000e+00
 5.10250250e+02 1.00000000e+00
 5.30260260e+02 1.00000000e+00
 5.50270270e+02 1.00000000e+00
 5.70280280e+02 1.00000000e+00
 5.90290290e+02 1.00000000e+00
 6.10300300e+02 1.00000000e+00
 6.30310310e+02 1.00000000e+00
 6.50320320e+02 1.00000000e+00
 6.70330330e+02 1.00000000e+00
 6.90340340e+02 1.00000000e+00
 7.10350350e+02 1.00000000e+00
 7.30360360e+02 1.00000000e+00
 7.50370370e+02 1.00000000e+00
 7.70380380e+02 1.00000000e+00
 7.90390390e+02 1.00000000e+00
 8.10400400e+02 1.00000000e+00
 8.30410410e+02 1.00000000e+00
 8.50420420e+02 1.00000000e+00
 8.70430430e+02 1.00000000e+00
 8.90440440e+02 1.00000000e+00
 9.10450450e+02 1.00000000e+00
 9.30460460e+02 1.00000000e+00
 9.50470470e+02 1.00000000e+00
 9.70480480e+02 1.00000000e+00
 9.90490490e+02 1.00000000e+00
 1.01050050e+03 1.00000000e+00
 1.03051051e+03 1.00000000e+00
 1.05052052e+03 1.00000000e+00
 1.07053053e+03 1.00000000e+00
 1.09054054e+03 1.00000000e+00
 1.11055055e+03 1.00000000e+00
 1.13056056e+03 1.00000000e+00
 1.15057057e+03 1.00000000e+00
 1.17058058e+03 1.00000000e+00
 1.19059059e+03 1.00000000e+00
 1.21060060e+03 1.00000000e+00
 1.23061061e+03 1.00000000e+00
 1.25062062e+03 1.00000000e+00
 1.27063063e+03 1.00000000e+00
 1.29064064e+03 1.00000000e+00
 1.31065065e+03 1.00000000e+00
 1.33066066e+03 1.00000000e+00
 1.35067067e+03 1.00000000e+00
 1.37068068e+03 1.00000000e+00
 1.39069069e+03 1.00000000e+00
 1.41070070e+03 1.00000000e+00
 1.43071071e+03 1.00000000e+00
 1.45072072e+03 1.00000000e+00
 1.47073073e+03 1.00000000e+00
 1.49074074e+03 1.00000000e+00
 1.51075075e+03 1.00000000e+00
 1.53076076e+03 1.00000000e+00
 1.55077077e+03 1.00000000e+00
 1.57078078e+03 1.00000000e+00
 1.59079079e+03 1.00000000e+00
 1.61080080e+03 1.00000000e+00
 1.63081081e+03 1.00000000e+00
 1.65082082e+03 1.00000000e+00
 1.67083083e+03 1.00000000e+00
 1.69084084e+03 1.00000000e+00
 1.71085085e+03 1.00000000e+00
 1.73086086e+03 1.00000000e+00
 1.75087087e+03 1.00000000e+00
 1.77088088e+03 1.00000000e+00
 1.79089089e+03 1.00000000e+00
 1.81090090e+03 1.00000000e+00
 1.83091091e+03 1.00000000e+00
 1.85092092e+03 1.00000000e+00
 1.87093093e+03 1.00000000e+00
 1.89094094e+03 1.00000000e+00
 1.91095095e+03 1.00000000e+00
 1.93096096e+03 1.00000000e+00
 1.95097097e+03 1.00000000e+00
 1.97098098e+03 1.00000000e+00
 1.99099099e+03 1.00000000e+00
 2.01100100e+03 1.00000000e+00
 2.03101101e+03 1.00000000e+00
 2.05102102e+03 1.00000000e+00
 2.07103103e+03 1.00000000e+00
 2.09104104e+03 1.00000000e+00
 2.11105105e+03 1.00000000e+00
 2.13106106e+03 1.00000000e+00
 2.15107107e+03 1.00000000e+00
 2.17108108e+03 1.00000000e+00
 2.19109109e+03 1.00000000e+00
 2.21110110e+03 1.00000000e+00
 2.23111111e+03 1.00000000e+00
 2.25112112e+03 1.00000000e+00
 2.27113113e+03 1.00000000e+00
 2.29114114e+03 1.00000000e+00
 2.31115115e+03 1.00000000e+00
 2.33116116e+03 1.00000000e+00
 2.35117117e+03 1.00000000e+00
 2.37118118e+03 1.00000000e+00
 2.39119119e+03 1.00000000e+00
 2.41120120e+03 1.00000000e+00
 2.43121121e+03 1.00000000e+00
 2.45122122e+03 1.00000000e+00
 2.47123123e+03 1.00000000e+00
 2.49124124e+03 1.00000000e+00
 2.51125125e+03 1.00000000e+00
 2.53126126e+03 1.00000000e+00
 2.55127127e+03 1.00000000e+00
 2.57128128e+03 1.00000000e+00
 2.59129129e+03 1.00000000e+00
 2.61130130e+03 1.00000000e+00
 2.63131131e+03 1.00000000e+00
 2.65132132e+03 1.00000000e+00
 2.67133133e+03 1.00000000e+00
 2.69134134e+03 1.00000000e+00
 2.71135135e+03 1.00000000e+00
 2.73136136e+03 1.00000000e+00
 2.75137137e+03 1.00000000e+00
 2.77138138e+03 1.00000000e+00
 2.79139139e+03 1.00000000e+00
 2.81140140e+03 1.00000000e+00
 2.83141141e+03 1.00000000e+00
 2.85142142e+03 1.00000000e+00
 2.87143143e+03 1.00000000e+00
 2.89144144e+03 1.00000000e+00
 2.91145145e+03 1.00000000e+00
 2.93146146e+03 1.00000000e+00
 2.95147147e+03 1.00000000e+00
 2.97148148e+03 1.00000000e+00
 2.99149149e+03 1.00000000e+00
 3.01150150e+03 1.00000000e+00
 3.03151151e+03 1.00000000e+00
 3.05152152e+03 1.00000000e+00
 3.07153153e+03 1.00000000e+00
 3.09154154e+03 1.00000000e+00
 3.11155155e+03 1.00000000e+00
 3.13156156e+03 1.00000000e+00
 3.15157157e+03 1.00000000e+00
 3.17158158e+03 1.00000000e+00
 3.19159159e+03 1.00000000e+00
 3.21160160e+03 1.00000000e+00
 3.23161161e+03 1.00000000e+00
 3.25162162e+03 1.00000000e+00
 3.27163163e+03 1.00000000e+00
 3.29164164e+03 1.00000000e+00
 3.31165165e+03 1.00000000e+00
 3.33166166e+03 1.00000000e+00
 3.35167167e+03 1.00000000e+00
 3.37168168e+03 1.00000000e+00
 3.39169169e+03 1.00000000e+00
 3.41170170e+03 1.00000000e+00
 3.43171171e+03 1.00000000e+00
 3.45172172e+03 1.00000000e+00
 3.47173173e+03 1.00000000e+00
 3.49174174e+03 1.00000000e+00
 3.51175175e+03 1.00000000e+00
 3.53176176e+03 1.00000000e+00
 3.55177177e+03 1.00000000e+00
 3.57178178e+03 1.00000000e+00
 3.59179179e+03 1.00000000e+00
 3.61180180e+03 1.00000000e+00
 3.63181181e+03 1.00000000e+00
 3.65182182e+03 1.00000000e+00
 3.67183183e+03 1.00000000e+00
 3.69184184e+03 1.00000000e+00
 3.71185185e+03 1.00000000e+00
 3.73186186e+03 1.00000000e+00
 3.75187187e+03 1.00000000e+00
 3.77188188e+03 1.00000000e+00
 3.79189189e+03 1.00000000e+00
 3.81190190e+03 1.00000000e+00
 3.83191191e+03 1.00000000e+00
 3.85192192e+03 1.00000000e+00
 3.87193193e+03 9.99999999e-01
 3.89194194e+03 1.00000000e+00
 3.91195195e+03 9.99999999e-01
 3.93196196e+03 9.99999999e-01
 3.95197197e+03 9.99999999e-01
 3.97198198e+03 9.99999997e-01
 3.99199199e+03 9.99999997e-01
 4.01200200e+03 9.99999998e-01
 4.03201201e+03 9.99999994e-01
 4.05202202e+03 9.99999994e-01
 4.07203203e+03 9.99999995e-01
 4.09204204e+03 9.99999987e-01
 4.11205205e+03 9.99999988e-01
 4.13206206e+03 9.99999968e-01
 4.15207207e+03 9.99999971e-01
 4.17208208e+03 9.99999973e-01
 4.19209209e+03 9.99999931e-01
 4.21210210e+03 9.99999936e-01
 4.23211211e+03 9.99999941e-01
 4.25212212e+03 9.99999945e-01
 4.27213213e+03 9.99999860e-01
 4.29214214e+03 9.99999870e-01
 4.31215215e+03 9.99999879e-01
 4.33216216e+03 9.99999695e-01
 4.35217217e+03 9.99999715e-01
 4.37218218e+03 9.99999734e-01
 4.39219219e+03 9.99999338e-01
 4.41220220e+03 9.99999380e-01
 4.43221221e+03 9.99999419e-01
 4.45222222e+03 9.99998576e-01
 4.47223223e+03 9.99998660e-01
 4.49224224e+03 9.99998738e-01
 4.51225225e+03 9.99998813e-01
 4.53226226e+03 9.99997130e-01
 4.55227227e+03 9.99997288e-01
 4.57228228e+03 9.99997436e-01
 4.59229229e+03 9.99997577e-01
 4.61230230e+03 9.99994232e-01
 4.63231231e+03 9.99994526e-01
 4.65232232e+03 9.99994806e-01
 4.67233233e+03 9.99987893e-01
 4.69234234e+03 9.99988466e-01
 4.71235235e+03 9.99989012e-01
 4.73236236e+03 9.99989532e-01
 4.75237237e+03 9.99976051e-01
 4.77238238e+03 9.99977100e-01
 4.79239239e+03 9.99978103e-01
 4.81240240e+03 9.99979062e-01
 4.83241241e+03 9.99953056e-01
 4.85242242e+03 9.99954954e-01
 4.87243243e+03 9.99956775e-01
 4.89244244e+03 9.99958523e-01
 4.91245245e+03 9.99909013e-01
 4.93246246e+03 9.99912397e-01
 4.95247247e+03 9.99915655e-01
 4.97248248e+03 9.99918792e-01
 4.99249249e+03 9.99921812e-01
 5.01250250e+03 9.99831912e-01
 5.03251251e+03 9.99837643e-01
 5.05252252e+03 9.99843180e-01
 5.07253253e+03 9.99848527e-01
 5.09254254e+03 9.99682426e-01
 5.11255255e+03 9.99692320e-01
 5.13256256e+03 9.99701905e-01
 5.15257257e+03 9.99711192e-01
 5.17258258e+03 9.99720190e-01
 5.19259259e+03 9.99427051e-01
 5.21260260e+03 9.99443297e-01
 5.23261261e+03 9.99459083e-01
 5.25262262e+03 9.99474421e-01
 5.27263263e+03 9.98953531e-01
 5.29264264e+03 9.98980433e-01
 5.31265265e+03 9.99006643e-01
 5.33266266e+03 9.99032179e-01
 5.35267267e+03 9.99057058e-01
 5.37268268e+03 9.98171981e-01
 5.39269269e+03 9.98214403e-01
 5.41270270e+03 9.98255842e-01
 5.43271271e+03 9.98296319e-01
 5.45272272e+03 9.98335856e-01
 5.47273273e+03 9.96863358e-01
 5.49274274e+03 9.96928777e-01
 5.51275275e+03 9.96992833e-01
 5.53276276e+03 9.97055552e-01
 5.55277277e+03 9.97116963e-01
 5.57278278e+03 9.97177093e-01
 5.59279279e+03 9.94822113e-01
 5.61280280e+03 9.94918707e-01
 5.63281281e+03 9.95013499e-01
 5.65282282e+03 9.95106523e-01
 5.67283283e+03 9.95197812e-01
 5.69284284e+03 9.91458614e-01
 5.71285285e+03 9.91600416e-01
 5.73286286e+03 9.91739864e-01
 5.75287287e+03 9.91876996e-01
 5.77288288e+03 9.92011852e-01
 5.79289289e+03 9.92144469e-01
 5.81290290e+03 9.86438528e-01
 5.83291291e+03 9.86637812e-01
 5.85292292e+03 9.86834167e-01
 5.87293293e+03 9.87027637e-01
 5.89294294e+03 9.87218263e-01
 5.91295295e+03 9.87406089e-01
 5.93296296e+03 9.78920906e-01
 5.95297297e+03 9.79193510e-01
 5.97298298e+03 9.79462589e-01
 5.99299299e+03 9.79728188e-01
 6.01300300e+03 9.79990351e-01
 6.03301301e+03 9.80249125e-01
 6.05302302e+03 9.67978061e-01
 6.07303303e+03 9.68340288e-01
 6.09304304e+03 9.68698418e-01
 6.11305305e+03 9.69052497e-01
 6.13306306e+03 9.69402571e-01
 6.15307307e+03 9.69748685e-01
 6.17308308e+03 9.70090883e-01
 6.19309309e+03 9.52989491e-01
 6.21310310e+03 9.53451597e-01
 6.23311311e+03 9.53909160e-01
 6.25312312e+03 9.54362225e-01
 6.27313313e+03 9.54810837e-01
 6.29314314e+03 9.55255039e-01
 6.31315315e+03 9.31958911e-01
 6.33316316e+03 9.32536070e-01
 6.35317317e+03 9.33108333e-01
 6.37318318e+03 9.33675742e-01
 6.39319319e+03 9.34238338e-01
 6.41320320e+03 9.34796161e-01
 6.43321321e+03 9.35349253e-01
 6.45322322e+03 9.04786179e-01
 6.47323323e+03 9.05477942e-01
 6.49324324e+03 9.06164679e-01
 6.51325325e+03 9.06846426e-01
 6.53326326e+03 9.07523220e-01
 6.55327327e+03 9.08195098e-01
 6.57328328e+03 9.08862093e-01
 6.59329329e+03 9.09524243e-01
 6.61330330e+03 8.70826698e-01
 6.63331331e+03 8.71624125e-01
 6.65332332e+03 8.72416629e-01
 6.67333333e+03 8.73204240e-01
 6.69334334e+03 8.73986989e-01
 6.71335335e+03 8.74764906e-01
 6.73336336e+03 8.75538021e-01
 6.75337337e+03 8.76306363e-01
 6.77338338e+03 8.28816507e-01
 6.79339339e+03 8.29706776e-01
 6.81340340e+03 8.30592415e-01
 6.83341341e+03 8.31473448e-01
 6.85342342e+03 8.32349899e-01
 6.87343343e+03 8.33221792e-01
 6.89344344e+03 8.34089150e-01
 6.91345345e+03 8.34951998e-01
 6.93346346e+03 7.78539241e-01
 6.95347347e+03 7.79500653e-01
 6.97348348e+03 7.80457891e-01
 6.99349349e+03 7.81410974e-01
 7.01350350e+03 7.82359920e-01
 7.03351351e+03 7.83304745e-01
 7.05352352e+03 7.84245469e-01
 7.07353353e+03 7.85182110e-01
 7.09354354e+03 7.20382173e-01
 7.11355355e+03 7.21385520e-01
 7.13356356e+03 7.22385266e-01
 7.15357357e+03 7.23381425e-01
 7.17358358e+03 7.24374009e-01
 7.19359359e+03 7.25363032e-01
 7.21360360e+03 7.26348506e-01
 7.23361361e+03 7.27330444e-01
 7.25362362e+03 7.28308858e-01
 7.27363363e+03 6.56415734e-01
 7.29364364e+03 6.57424043e-01
 7.31365365e+03 6.58429393e-01
 7.33366366e+03 6.59431793e-01
 7.35367367e+03 6.60431251e-01
 7.37368368e+03 6.61427775e-01
 7.39369369e+03 6.62421376e-01
 7.41370370e+03 6.63412060e-01
 7.43371371e+03 6.64399837e-01
 7.45372372e+03 6.65384715e-01
 7.47373373e+03 5.88253100e-01
 7.49374374e+03 5.89230151e-01
 7.51375375e+03 5.90204884e-01
 7.53376376e+03 5.91177304e-01
 7.55377377e+03 5.92147416e-01
 7.57378378e+03 5.93115227e-01
 7.59379379e+03 5.94080741e-01
 7.61380380e+03 5.95043964e-01
 7.63381381e+03 5.96004901e-01
 7.65382382e+03 5.96963558e-01
 7.67383383e+03 5.16907855e-01
 7.69384384e+03 5.17823474e-01
 7.71385385e+03 5.18737357e-01
 7.73386386e+03 5.19649508e-01
 7.75387387e+03 5.20559930e-01
 7.77388388e+03 5.21468627e-01
 7.79389389e+03 5.22375601e-01
 7.81390390e+03 5.23280856e-01
 7.83391391e+03 5.24184396e-01
 7.85392392e+03 5.25086223e-01
 7.87393393e+03 4.44732357e-01
 7.89394394e+03 4.45561894e-01
 7.91395395e+03 4.46390192e-01
 7.93396396e+03 4.47217253e-01
 7.95397397e+03 4.48043078e-01
 7.97398398e+03 4.48867669e-01
 7.99399399e+03 4.49691028e-01
 8.01400400e+03 4.50513157e-01
 8.03401401e+03 4.51334058e-01
 8.05402402e+03 4.52153733e-01
 8.07403403e+03 4.52972183e-01
 8.09404404e+03 3.74892432e-01
 8.11405405e+03 3.75618080e-01
 8.13406406e+03 3.76342887e-01
 8.15407407e+03 3.77066852e-01
 8.17408408e+03 3.77789977e-01
 8.19409409e+03 3.78512262e-01
 8.21410410e+03 3.79233708e-01
 8.23411411e+03 3.79954318e-01
 8.25412412e+03 3.80674090e-01
 8.27413413e+03 3.81393028e-01
 8.29414414e+03 3.82111130e-01
 8.31415415e+03 3.82828399e-01
 8.33416416e+03 3.09321038e-01
 8.35417417e+03 3.09934467e-01
 8.37418418e+03 3.10547351e-01
 8.39419419e+03 3.11159691e-01
 8.41420420e+03 3.11771487e-01
 8.43421421e+03 3.12382740e-01
 8.45422422e+03 3.12993450e-01
 8.47423423e+03 3.13603617e-01
 8.49424424e+03 3.14213243e-01
 8.51425425e+03 3.14822327e-01
 8.53426426e+03 3.15430870e-01
 8.55427427e+03 3.16038873e-01
 8.57428428e+03 2.49056589e-01
 8.59429429e+03 2.49558380e-01
 8.61430430e+03 2.50059835e-01
 8.63431431e+03 2.50560955e-01
 8.65432432e+03 2.51061740e-01
 8.67433433e+03 2.51562191e-01
 8.69434434e+03 2.52062307e-01
 8.71435435e+03 2.52562089e-01
 8.73436436e+03 2.53061537e-01
 8.75437437e+03 2.53560651e-01
 8.77438438e+03 2.54059432e-01
 8.79439439e+03 2.54557880e-01
 8.81440440e+03 2.55055994e-01
 8.83441441e+03 2.55553776e-01
 8.85442442e+03 1.96271846e-01
 8.87443443e+03 1.96668607e-01
 8.89444444e+03 1.97065172e-01
 8.91445445e+03 1.97461541e-01
 8.93446446e+03 1.97857714e-01
 8.95447447e+03 1.98253692e-01
 8.97448448e+03 1.98649475e-01
 8.99449449e+03 1.99045062e-01
 9.01450450e+03 1.99440454e-01
 9.03451451e+03 1.99835651e-01
 9.05452452e+03 2.00230652e-01
 9.07453453e+03 2.00625459e-01
 9.09454454e+03 2.01020070e-01
 9.11455455e+03 2.01414487e-01
 9.13456456e+03 1.50607241e-01
 9.15457457e+03 1.50910910e-01
 9.17458458e+03 1.51214470e-01
 9.19459459e+03 1.51517921e-01
 9.21460460e+03 1.51821264e-01
 9.23461461e+03 1.52124499e-01
 9.25462462e+03 1.52427625e-01
 9.27463463e+03 1.52730643e-01
 9.29464464e+03 1.53033552e-01
 9.31465465e+03 1.53336353e-01
 9.33466466e+03 1.53639046e-01
 9.35467467e+03 1.53941631e-01
 9.37468468e+03 1.54244107e-01
 9.39469469e+03 1.54546476e-01
 9.41470470e+03 1.12386160e-01
 9.43471471e+03 1.12611041e-01
 9.45472472e+03 1.12835865e-01
 9.47473473e+03 1.13060633e-01
 9.49474474e+03 1.13285343e-01
 9.51475475e+03 1.13509996e-01
 9.53476476e+03 1.13734593e-01
 9.55477477e+03 1.13959133e-01
 9.57478478e+03 1.14183615e-01
 9.59479479e+03 1.14408041e-01
 9.61480480e+03 1.14632410e-01
 9.63481481e+03 1.14856722e-01
 9.65482482e+03 1.15080978e-01
 9.67483483e+03 1.15305176e-01
 9.69484484e+03 1.15529318e-01
 9.71485485e+03 1.15753403e-01
 9.73486486e+03 8.17624135e-02
 9.75487487e+03 8.19233961e-02
 9.77488488e+03 8.20843504e-02
 9.79489489e+03 8.22452766e-02
 9.81490490e+03 8.24061745e-02
 9.83491491e+03 8.25670442e-02
 9.85492492e+03 8.27278857e-02
 9.87493493e+03 8.28886990e-02
 9.89494494e+03 8.30494842e-02
 9.91495495e+03 8.32102411e-02
 9.93496496e+03 8.33709698e-02
 9.95497497e+03 8.35316704e-02
 9.97498498e+03 8.36923428e-02
 9.99499499e+03 8.38529871e-02
 1.00150050e+04 8.40136031e-02
 1.00350150e+04 8.41741910e-02
 1.00550250e+04 8.43347508e-02
 1.00750350e+04 5.77700339e-02
 1.00950450e+04 5.78813843e-02
 1.01150551e+04 5.79927217e-02
 1.01350651e+04 5.81040458e-02
 1.01550751e+04 5.82153568e-02
 1.01750851e+04 5.83266547e-02
 1.01950951e+04 5.84379394e-02
 1.02151051e+04 5.85492109e-02
 1.02351151e+04 5.86604693e-02
 1.02551251e+04 5.87717146e-02
 1.02751351e+04 5.88829467e-02
 1.02951451e+04 5.89941656e-02
 1.03151552e+04 5.91053714e-02
 1.03351652e+04 5.92165641e-02
 1.03551752e+04 5.93277436e-02
 1.03751852e+04 5.94389100e-02
 1.03951952e+04 5.95500633e-02
 1.04152052e+04 5.96612034e-02
 1.04352152e+04 5.97723304e-02
 1.04552252e+04 3.96293043e-02
 1.04752352e+04 3.97036239e-02
 1.04952452e+04 3.97779377e-02
 1.05152553e+04 3.98522458e-02
 1.05352653e+04 3.99265482e-02
 1.05552753e+04 4.00008448e-02
 1.05752853e+04 4.00751357e-02
 1.05952953e+04 4.01494208e-02
 1.06153053e+04 4.02237001e-02
 1.06353153e+04 4.02979737e-02
 1.06553253e+04 4.03722416e-02
 1.06753353e+04 4.04465037e-02
 1.06953453e+04 4.05207601e-02
 1.07153554e+04 4.05950107e-02
 1.07353654e+04 4.06692556e-02
 1.07553754e+04 4.07434947e-02
 1.07753854e+04 4.08177281e-02
 1.07953954e+04 4.08919558e-02
 1.08154054e+04 4.09661776e-02
 1.08354154e+04 2.62222174e-02
 1.08554254e+04 2.62700008e-02
 1.08754354e+04 2.63177820e-02
 1.08954454e+04 2.63655607e-02
 1.09154555e+04 2.64133372e-02
 1.09354655e+04 2.64611113e-02
 1.09554755e+04 2.65088830e-02
 1.09754855e+04 2.65566524e-02
 1.09954955e+04 2.66044195e-02
 1.10155055e+04 2.66521842e-02
 1.10355155e+04 2.66999465e-02
 1.10555255e+04 2.67477066e-02
 1.10755355e+04 2.67954642e-02
 1.10955455e+04 2.68432196e-02
 1.11155556e+04 2.68909726e-02
 1.11355656e+04 2.69387232e-02
 1.11555756e+04 2.69864715e-02
 1.11755856e+04 2.70342175e-02
 1.11955956e+04 2.70819611e-02
 1.12156056e+04 2.71297024e-02
 1.12356156e+04 2.71774413e-02
 1.12556256e+04 2.72251779e-02
 1.12756356e+04 1.67722000e-02
 1.12956456e+04 1.68017128e-02
 1.13156557e+04 1.68312248e-02
 1.13356657e+04 1.68607360e-02
 1.13556757e+04 1.68902462e-02
 1.13756857e+04 1.69197555e-02
 1.13956957e+04 1.69492640e-02
 1.14157057e+04 1.69787716e-02
 1.14357157e+04 1.70082782e-02
 1.14557257e+04 1.70377840e-02
 1.14757357e+04 1.70672890e-02
 1.14957457e+04 1.70967930e-02
 1.15157558e+04 1.71262961e-02
 1.15357658e+04 1.71557984e-02
 1.15557758e+04 1.71852998e-02
 1.15757858e+04 1.72148002e-02
 1.15957958e+04 1.72442998e-02
 1.16158058e+04 1.72737986e-02
 1.16358158e+04 1.73032964e-02
 1.16558258e+04 1.73327933e-02
 1.16758358e+04 1.73622894e-02
 1.16958458e+04 1.73917846e-02
 1.17158559e+04 1.74212789e-02
 1.17358659e+04 1.02888443e-02
 1.17558759e+04 1.03062963e-02
 1.17758859e+04 1.03237481e-02
 1.17958959e+04 1.03411996e-02
 1.18159059e+04 1.03586507e-02
 1.18359159e+04 1.03761016e-02
 1.18559259e+04 1.03935521e-02
 1.18759359e+04 1.04110024e-02
 1.18959459e+04 1.04284523e-02
 1.19159560e+04 1.04459019e-02
 1.19359660e+04 1.04633512e-02
 1.19559760e+04 1.04808002e-02
 1.19759860e+04 1.04982489e-02
 1.19959960e+04 1.05156973e-02
 1.20160060e+04 1.05331454e-02
 1.20360160e+04 1.05505932e-02
 1.20560260e+04 1.05680406e-02
 1.20760360e+04 1.05854878e-02
 1.20960460e+04 1.06029346e-02
 1.21160561e+04 1.06203812e-02
 1.21360661e+04 1.06378274e-02
 1.21560761e+04 1.06552733e-02
 1.21760861e+04 1.06727190e-02
 1.21960961e+04 1.06901643e-02
 1.22161061e+04 1.07076093e-02
 1.22361161e+04 6.03262921e-03
 1.22561261e+04 6.04246464e-03
 1.22761361e+04 6.05229998e-03
 1.22961461e+04 6.06213522e-03
 1.23161562e+04 6.07197036e-03
 1.23361662e+04 6.08180541e-03
 1.23561762e+04 6.09164036e-03
 1.23761862e+04 6.10147521e-03
 1.23961962e+04 6.11130997e-03
 1.24162062e+04 6.12114462e-03
 1.24362162e+04 6.13097918e-03
 1.24562262e+04 6.14081365e-03
 1.24762362e+04 6.15064801e-03
 1.24962462e+04 6.16048228e-03
 1.25162563e+04 6.17031645e-03
 1.25362663e+04 6.18015052e-03
 1.25562763e+04 6.18998450e-03
 1.25762863e+04 6.19981838e-03
 1.25962963e+04 6.20965216e-03
 1.26163063e+04 6.21948584e-03
 1.26363163e+04 6.22931943e-03
 1.26563263e+04 6.23915292e-03
 1.26763363e+04 6.24898631e-03
 1.26963463e+04 6.25881961e-03
 1.27163564e+04 6.26865280e-03
 1.27363664e+04 6.27848590e-03
 1.27563764e+04 6.28831891e-03
 1.27763864e+04 3.35876819e-03
 1.27963964e+04 3.36401974e-03
 1.28164064e+04 3.36927126e-03
 1.28364164e+04 3.37452275e-03
 1.28564264e+04 3.37977421e-03
 1.28764364e+04 3.38502565e-03
 1.28964464e+04 3.39027706e-03
 1.29164565e+04 3.39552844e-03
 1.29364665e+04 3.40077980e-03
 1.29564765e+04 3.40603113e-03
 1.29764865e+04 3.41128243e-03
 1.29964965e+04 3.41653370e-03
 1.30165065e+04 3.42178494e-03
 1.30365165e+04 3.42703616e-03
 1.30565265e+04 3.43228735e-03
 1.30765365e+04 3.43753851e-03
 1.30965465e+04 3.44278964e-03
 1.31165566e+04 3.44804075e-03
 1.31365666e+04 3.45329183e-03
 1.31565766e+04 3.45854288e-03
 1.31765866e+04 3.46379390e-03
 1.31965966e+04 3.46904489e-03
 1.32166066e+04 3.47429586e-03
 1.32366166e+04 3.47954680e-03
 1.32566266e+04 3.48479771e-03
 1.32766366e+04 3.49004860e-03
 1.32966466e+04 3.49529945e-03
 1.33166567e+04 3.50055028e-03
 1.33366667e+04 3.50580108e-03
 1.33566767e+04 1.76132414e-03
 1.33766867e+04 1.76396050e-03
 1.33966967e+04 1.76659685e-03
 1.34167067e+04 1.76923320e-03
 1.34367167e+04 1.77186954e-03
 1.34567267e+04 1.77450587e-03
 1.34767367e+04 1.77714220e-03
 1.34967467e+04 1.77977852e-03
 1.35167568e+04 1.78241483e-03
 1.35367668e+04 1.78505113e-03
 1.35567768e+04 1.78768743e-03
 1.35767868e+04 1.79032372e-03
 1.35967968e+04 1.79296000e-03
 1.36168068e+04 1.79559628e-03
 1.36368168e+04 1.79823255e-03
 1.36568268e+04 1.80086881e-03
 1.36768368e+04 1.80350507e-03
 1.36968468e+04 1.80614132e-03
 1.37168569e+04 1.80877756e-03
 1.37368669e+04 1.81141379e-03
 1.37568769e+04 1.81405002e-03
 1.37768869e+04 1.81668624e-03
 1.37968969e+04 1.81932246e-03
 1.38169069e+04 1.82195866e-03
 1.38369169e+04 1.82459486e-03
 1.38569269e+04 1.82723106e-03
 1.38769369e+04 1.82986724e-03
 1.38969469e+04 1.83250342e-03
 1.39169570e+04 1.83513960e-03
 1.39369670e+04 1.83777576e-03
 1.39569770e+04 1.84041192e-03
 1.39769870e+04 1.84304807e-03
 1.39969970e+04 1.84568421e-03
 1.40170070e+04 8.63386580e-04
 1.40370170e+04 8.64618577e-04
 1.40570270e+04 8.65850572e-04
 1.40770370e+04 8.67082565e-04
 1.40970470e+04 8.68314557e-04
 1.41170571e+04 8.69546547e-04
 1.41370671e+04 8.70778536e-04
 1.41570771e+04 8.72010524e-04
 1.41770871e+04 8.73242509e-04
 1.41970971e+04 8.74474494e-04
 1.42171071e+04 8.75706477e-04
 1.42371171e+04 8.76938458e-04
 1.42571271e+04 8.78170438e-04
 1.42771371e+04 8.79402416e-04
 1.42971471e+04 8.80634393e-04
 1.43171572e+04 8.81866368e-04
 1.43371672e+04 8.83098341e-04
 1.43571772e+04 8.84330314e-04
 1.43771872e+04 8.85562284e-04
 1.43971972e+04 8.86794253e-04
 1.44172072e+04 8.88026221e-04
 1.44372172e+04 8.89258187e-04
 1.44572272e+04 8.90490152e-04
 1.44772372e+04 8.91722115e-04
 1.44972472e+04 8.92954076e-04
 1.45172573e+04 8.94186036e-04
 1.45372673e+04 8.95417995e-04
 1.45572773e+04 8.96649952e-04
 1.45772873e+04 8.97881907e-04
 1.45972973e+04 8.99113861e-04
 1.46173073e+04 9.00345814e-04
 1.46373173e+04 9.01577764e-04
 1.46573273e+04 9.02809714e-04
 1.46773373e+04 9.04041662e-04
 1.46973473e+04 9.05273608e-04
 1.47173574e+04 9.06505553e-04
 1.47373674e+04 3.89601849e-04
 1.47573774e+04 3.90130736e-04
 1.47773874e+04 3.90659624e-04
 1.47973974e+04 3.91188512e-04
 1.48174074e+04 3.91717399e-04
 1.48374174e+04 3.92246285e-04
 1.48574274e+04 3.92775172e-04
 1.48774374e+04 3.93304058e-04
 1.48974474e+04 3.93832944e-04
 1.49174575e+04 3.94361830e-04
 1.49374675e+04 3.94890715e-04
 1.49574775e+04 3.95419601e-04
 1.49774875e+04 3.95948485e-04
 1.49974975e+04 3.96477370e-04
 1.50175075e+04 3.97006254e-04
 1.50375175e+04 3.97535138e-04
 1.50575275e+04 3.98064022e-04
 1.50775375e+04 3.98592906e-04
 1.50975475e+04 3.99121789e-04
 1.51175576e+04 3.99650672e-04
 1.51375676e+04 4.00179554e-04
 1.51575776e+04 4.00708437e-04
 1.51775876e+04 4.01237319e-04
 1.51975976e+04 4.01766201e-04
 1.52176076e+04 4.02295082e-04
 1.52376176e+04 4.02823963e-04
 1.52576276e+04 4.03352844e-04
 1.52776376e+04 4.03881725e-04
 1.52976476e+04 4.04410605e-04
 1.53176577e+04 4.04939485e-04
 1.53376677e+04 4.05468365e-04
 1.53576777e+04 4.05997245e-04
 1.53776877e+04 4.06526124e-04
 1.53976977e+04 4.07055003e-04
 1.54177077e+04 4.07583882e-04
 1.54377177e+04 4.08112760e-04
 1.54577277e+04 4.08641638e-04
 1.54777377e+04 4.09170516e-04
 1.54977477e+04 4.09699394e-04
 1.55177578e+04 4.10228271e-04
 1.55377678e+04 1.59092653e-04
 1.55577778e+04 1.59297521e-04
 1.55777878e+04 1.59502389e-04
 1.55977978e+04 1.59707257e-04
 1.56178078e+04 1.59912125e-04
 1.56378178e+04 1.60116993e-04
 1.56578278e+04 1.60321861e-04
 1.56778378e+04 1.60526728e-04
 1.56978478e+04 1.60731596e-04
 1.57178579e+04 1.60936464e-04
 1.57378679e+04 1.61141332e-04
 1.57578779e+04 1.61346199e-04
 1.57778879e+04 1.61551067e-04
 1.57978979e+04 1.61755934e-04
 1.58179079e+04 1.61960802e-04
 1.58379179e+04 1.62165669e-04
 1.58579279e+04 1.62370537e-04
 1.58779379e+04 1.62575404e-04
 1.58979479e+04 1.62780271e-04
 1.59179580e+04 1.62985139e-04
 1.59379680e+04 1.63190006e-04
 1.59579780e+04 1.63394873e-04
 1.59779880e+04 1.63599740e-04
 1.59979980e+04 1.63804607e-04
 1.60180080e+04 1.64009474e-04
 1.60380180e+04 1.64214341e-04
 1.60580280e+04 1.64419208e-04
 1.60780380e+04 1.64624075e-04
 1.60980480e+04 1.64828942e-04
 1.61180581e+04 1.65033809e-04
 1.61380681e+04 1.65238676e-04
 1.61580781e+04 1.65443543e-04
 1.61780881e+04 1.65648410e-04
 1.61980981e+04 1.65853276e-04
 1.62181081e+04 1.66058143e-04
 1.62381181e+04 1.66263009e-04
 1.62581281e+04 1.66467876e-04
 1.62781381e+04 1.66672743e-04
 1.62981481e+04 1.66877609e-04
 1.63181582e+04 1.67082476e-04
 1.63381682e+04 1.67287342e-04
 1.63581782e+04 1.67492208e-04
 1.63781882e+04 1.67697075e-04
 1.63981982e+04 1.67901941e-04
 1.64182082e+04 5.72859694e-05
 1.64382182e+04 5.73557858e-05
 1.64582282e+04 5.74256022e-05
 1.64782382e+04 5.74954185e-05
 1.64982482e+04 5.75652349e-05
 1.65182583e+04 5.76350513e-05
 1.65382683e+04 5.77048676e-05
 1.65582783e+04 5.77746840e-05
 1.65782883e+04 5.78445003e-05
 1.65982983e+04 5.79143167e-05
 1.66183083e+04 5.79841330e-05
 1.66383183e+04 5.80539494e-05
 1.66583283e+04 5.81237657e-05
 1.66783383e+04 5.81935820e-05
 1.66983483e+04 5.82633983e-05
 1.67183584e+04 5.83332147e-05
 1.67383684e+04 5.84030310e-05
 1.67583784e+04 5.84728473e-05
 1.67783884e+04 5.85426636e-05
 1.67983984e+04 5.86124799e-05
 1.68184084e+04 5.86822962e-05
 1.68384184e+04 5.87521125e-05
 1.68584284e+04 5.88219287e-05
 1.68784384e+04 5.88917450e-05
 1.68984484e+04 5.89615613e-05
 1.69184585e+04 5.90313776e-05
 1.69384685e+04 5.91011938e-05
 1.69584785e+04 5.91710101e-05
 1.69784885e+04 5.92408263e-05
 1.69984985e+04 5.93106426e-05
 1.70185085e+04 5.93804588e-05
 1.70385185e+04 5.94502751e-05
 1.70585285e+04 5.95200913e-05
 1.70785385e+04 5.95899075e-05
 1.70985485e+04 5.96597237e-05
 1.71185586e+04 5.97295400e-05
 1.71385686e+04 5.97993562e-05
 1.71585786e+04 5.98691724e-05
 1.71785886e+04 5.99389886e-05
 1.71985986e+04 6.00088048e-05
 1.72186086e+04 6.00786210e-05
 1.72386186e+04 6.01484372e-05
 1.72586286e+04 6.02182534e-05
 1.72786386e+04 6.02880695e-05
 1.72986486e+04 6.03578857e-05
 1.73186587e+04 6.04277019e-05
 1.73386687e+04 6.04975181e-05
 1.73586787e+04 6.05673342e-05
 1.73786887e+04 6.06371504e-05
 1.73986987e+04 6.07069665e-05
 1.74187087e+04 1.75478844e-05
 1.74387187e+04 1.75680426e-05
 1.74587287e+04 1.75882009e-05
 1.74787387e+04 1.76083591e-05
 1.74987487e+04 1.76285173e-05
 1.75187588e+04 1.76486755e-05
 1.75387688e+04 1.76688337e-05
 1.75587788e+04 1.76889920e-05
 1.75787888e+04 1.77091502e-05
 1.75987988e+04 1.77293084e-05
 1.76188088e+04 1.77494666e-05
 1.76388188e+04 1.77696249e-05
 1.76588288e+04 1.77897831e-05
 1.76788388e+04 1.78099413e-05
 1.76988488e+04 1.78300995e-05
 1.77188589e+04 1.78502577e-05
 1.77388689e+04 1.78704160e-05
 1.77588789e+04 1.78905742e-05
 1.77788889e+04 1.79107324e-05
 1.77988989e+04 1.79308906e-05
 1.78189089e+04 1.79510488e-05
 1.78389189e+04 1.79712071e-05
 1.78589289e+04 1.79913653e-05
 1.78789389e+04 1.80115235e-05
 1.78989489e+04 1.80316817e-05
 1.79189590e+04 1.80518399e-05
 1.79389690e+04 1.80719981e-05
 1.79589790e+04 1.80921563e-05
 1.79789890e+04 1.81123146e-05
 1.79989990e+04 1.81324728e-05
 1.80190090e+04 1.81526310e-05
 1.80390190e+04 1.81727892e-05
 1.80590290e+04 1.81929474e-05
 1.80790390e+04 1.82131056e-05
 1.80990490e+04 1.82332638e-05
 1.81190591e+04 1.82534221e-05
 1.81390691e+04 1.82735803e-05
 1.81590791e+04 1.82937385e-05
 1.81790891e+04 1.83138967e-05
 1.81990991e+04 1.83340549e-05
 1.82191091e+04 1.83542131e-05
 1.82391191e+04 1.83743713e-05
 1.82591291e+04 1.83945295e-05
 1.82791391e+04 1.84146877e-05
 1.82991491e+04 1.84348459e-05
 1.83191592e+04 1.84550041e-05
 1.83391692e+04 1.84751624e-05
 1.83591792e+04 1.84953206e-05
 1.83791892e+04 1.85154788e-05
 1.83991992e+04 1.85356370e-05
 1.84192092e+04 1.85557952e-05
 1.84392192e+04 1.85759534e-05
 1.84592292e+04 1.85961116e-05
 1.84792392e+04 1.86162698e-05
 1.84992492e+04 1.86364280e-05
 1.85192593e+04 1.86565862e-05
 1.85392693e+04 4.29827393e-06
 1.85592793e+04 4.30291318e-06
 1.85792893e+04 4.30755243e-06
 1.85992993e+04 4.31219168e-06
 1.86193093e+04 4.31683094e-06
 1.86393193e+04 4.32147019e-06
 1.86593293e+04 4.32610944e-06
 1.86793393e+04 4.33074869e-06
 1.86993493e+04 4.33538794e-06
 1.87193594e+04 4.34002719e-06
 1.87393694e+04 4.34466644e-06
 1.87593794e+04 4.34930569e-06
 1.87793894e+04 4.35394494e-06
 1.87993994e+04 4.35858419e-06
 1.88194094e+04 4.36322344e-06
 1.88394194e+04 4.36786269e-06
 1.88594294e+04 4.37250194e-06
 1.88794394e+04 4.37714119e-06
 1.88994494e+04 4.38178044e-06
 1.89194595e+04 4.38641969e-06
 1.89394695e+04 4.39105894e-06
 1.89594795e+04 4.39569819e-06
 1.89794895e+04 4.40033744e-06
 1.89994995e+04 4.40497670e-06
 1.90195095e+04 4.40961595e-06
 1.90395195e+04 4.41425520e-06
 1.90595295e+04 4.41889445e-06
 1.90795395e+04 4.42353370e-06
 1.90995495e+04 4.42817295e-06
 1.91195596e+04 4.43281220e-06
 1.91395696e+04 4.43745145e-06
 1.91595796e+04 4.44209070e-06
 1.91795896e+04 4.44672995e-06
 1.91995996e+04 4.45136920e-06
 1.92196096e+04 4.45600845e-06
 1.92396196e+04 4.46064770e-06
 1.92596296e+04 4.46528695e-06
 1.92796396e+04 4.46992620e-06
 1.92996496e+04 4.47456545e-06
 1.93196597e+04 4.47920470e-06
 1.93396697e+04 4.48384395e-06
 1.93596797e+04 4.48848320e-06
 1.93796897e+04 4.49312245e-06
 1.93996997e+04 4.49776170e-06
 1.94197097e+04 4.50240095e-06
 1.94397197e+04 4.50704020e-06
 1.94597297e+04 4.51167945e-06
 1.94797397e+04 4.51631870e-06
 1.94997497e+04 4.52095795e-06
 1.95197598e+04 4.52559720e-06
 1.95397698e+04 4.53023645e-06
 1.95597798e+04 4.53487569e-06
 1.95797898e+04 4.53951494e-06
 1.95997998e+04 4.54415419e-06
 1.96198098e+04 4.54879344e-06
 1.96398198e+04 4.55343269e-06
 1.96598298e+04 4.55807194e-06
 1.96798398e+04 4.56271119e-06
 1.96998498e+04 4.56735044e-06
 1.97198599e+04 4.57198969e-06
 1.97398699e+04 4.57662894e-06
 1.97598799e+04 4.58126819e-06
 1.97798899e+04 4.58590744e-06
 1.97998999e+04 4.59054669e-06
 1.98199099e+04 7.52228819e-07
 1.98399199e+04 7.52988262e-07
 1.98599299e+04 7.53747706e-07
 1.98799399e+04 7.54507149e-07
 1.98999499e+04 7.55266593e-07
 1.99199600e+04 7.56026036e-07
 1.99399700e+04 7.56785480e-07
 1.99599800e+04 7.57544923e-07
 1.99799900e+04 7.58304366e-07
 2.00000000e+04 7.59063810e-07
